   6.8300000e+02
   8.8000000e+02
   8.8200000e+02
   8.8300000e+02
   8.8500000e+02
   1.5310000e+03
   1.6280000e+03
   1.6690000e+03
   2.1680000e+03
   2.2650000e+03
   2.5170000e+03
   2.7380000e+03
   2.8210000e+03
   3.7750000e+03
   3.8050000e+03
   3.8100000e+03
   3.8110000e+03
   3.8140000e+03
   3.8650000e+03
   4.1690000e+03
   4.3070000e+03
   5.9930000e+03
   6.0820000e+03
   6.3660000e+03
   6.3960000e+03
   6.9030000e+03
   7.6580000e+03
   8.5960000e+03
   8.6100000e+03
   8.6750000e+03
   8.6980000e+03
   8.7120000e+03
   8.7190000e+03
   8.7640000e+03
   8.8240000e+03
   8.9910000e+03
   9.1280000e+03
   9.1320000e+03
   9.1330000e+03
   9.1540000e+03
   9.3430000e+03
   9.3440000e+03
   9.3480000e+03
   9.3530000e+03
   9.4990000e+03
   9.5830000e+03
   9.6240000e+03
   9.7390000e+03
   9.8130000e+03
   1.0381000e+04
   1.0569000e+04
   1.0570000e+04
   1.0571000e+04
   1.0572000e+04
   1.0585000e+04
   1.0598000e+04
   1.0600000e+04
   1.0606000e+04
   1.0610000e+04
   1.0611000e+04
   1.0614000e+04
   1.0615000e+04
   1.0628000e+04
   1.0634000e+04
